make[1]: Entering directory '/home/damya/Documents/Cours_Télécom/prim_P2/faultycross/meds-main/faulted'
python params.py -a toy > build/toy/api.h
gcc -O3 -Wall -Dtoy -Ibuild/toy -INIST -c meds.c -o build/toy/meds.o
gcc -O3 -Wall -Dtoy -Ibuild/toy -INIST -c recover.c -o build/toy/recover.o
gcc -O3 -Wall -Dtoy -Ibuild/toy -INIST -c util.c -o build/toy/util.o
gcc -O3 -Wall -Dtoy -Ibuild/toy -INIST -c seed.c -o build/toy/seed.o
gcc -O3 -Wall -Dtoy -Ibuild/toy -INIST -c osfreq.c -o build/toy/osfreq.o
gcc -O3 -Wall -Dtoy -Ibuild/toy -INIST -c fips202.c -o build/toy/fips202.o
gcc -O3 -Wall -Dtoy -Ibuild/toy -INIST -c matrixmod.c -o build/toy/matrixmod.o
gcc -O3 -Wall -Dtoy -Ibuild/toy -INIST -c bitstream.c -o build/toy/bitstream.o
gcc -O3 -Wall -Dtoy -Ibuild/toy -INIST -c randombytes.c -o build/toy/randombytes.o
gcc test.c build/toy/meds.o build/toy/recover.o build/toy/util.o build/toy/seed.o build/toy/osfreq.o build/toy/fips202.o build/toy/matrixmod.o build/toy/bitstream.o build/toy/randombytes.o -O3 -Wall -Dtoy -Ibuild/toy -INIST -lssl -lcrypto -o build/toy/test
make[1]: Leaving directory '/home/damya/Documents/Cours_Télécom/prim_P2/faultycross/meds-main/faulted'

paramter set: toy

pk:  3593 bytes
sk:  1042 bytes
sig: 2132 bytes

Reference tree : (16 bit seeds) 
[ ab, 6e, 45, e5, 51, 5c, ef, b8, c7, bc, 8d, 86, 6a, fc, e8, 9d, 24, d1, f3, da, a1, dc, 49, 62, 73, 7c, 5c, ca, eb, bc, 2c, ]
                              ab                                                              
              6e                              45                              
      e5              51              5c              ef              
  b8      c7      bc      8d      86      6a      fc      e8      
9d  24  d1  f3  da  a1  dc  49  62  73  7c  5c  ca  eb  bc  2c  
indices = [ 1 6 11 12 13 14 ]
path = [0x9d, 0xc7, 0xbc, 0x49, 0x86, 0x7c, 0x2c, 0x0, 0x0, 0x0, 0x0, 0x0, 0x0, 0x0, 0x0, 0x0, ]
h = [0x0, 0x1, 0x0, 0x0, 0x0, 0x0, 0x1, 0x0, 0x0, 0x0, 0x0, 0x1, 0x3, 0x1, 0x1, 0x0, ]
salta = [0x7d, 0x3b, 0xc9, 0xd9, 0xed, 0x91, 0xc9, 0x40, 0x57, 0xa4, 0x27, 0x4a, 0x53, 0x96, 0xe4, 0x45, 0x8d, 0x62, 0x75, 0x71, 0x74, 0x0, 0x1c, 0x5f, 0xd5, 0x6d, 0x6d, 0xf, 0x9f, 0x7c, 0xce, 0xe8, ]
[ 9d, c7, bc, 49, 86, 7c, ]
indices = [ 1 6 11 12 13 14 ]
faulted path = [ 9d 24 c7 bc dc 49 ]
indices = [ 1 6 11 12 13 14 ]
Faulted tree:                               00                                                              
              00                              00                              
      00              00              00              00              
  00      c7      bc      00      86      00      00      00      
9d  24  d1  f3  da  a1  dc  49  62  73  7c  fe  7d  8d  54  2c  
Found A_inv_1 :
[4191 3630 3423  920 7425 4662 4998 7104 4872 1635]
[4229 2483 2995 7559 6980 4108 5857 3097  560 7811]
[1191 3741 3220 3333 3164 6375   34 6390 6402 7142]
[1370 4813 6550 3427 4449 2385 4243 1026 2160  113]
[3329 3329 4627 5810  890 4666 6330 4730 2188 6641]
[3733  956 2835 1274 3368 2010  990  492 4463 6639]
[5119  976  857  230 7072 1304 3112 2837 6391 6082]
[4450 7643 7233 3279 2877 2983 4878 4719 3385 3059]
[5942 4022 4707 3694 5712 2354 7033  112 2372 5311]
[4786 2209  799  245 7897 3492  746 7789 1627 1445]
Found B_inv_1 :
[5757 3051 6648 3866 5311 7231  162 4565 5049  234]
[2418 1081 7121 1374 1440 2325  457 7360 2044 5127]
[7442 2983 4898 6187 2125 7378 7496 3857 6711 5683]
[6305 3225 4720 6711 7233 4726 2753 5900 3839 5319]
[3953 6525 6533 7049 1221 4209 1517 7661 1962 1361]
[2842 4427 7286 3146 3044 1257 6718 1800 1391 6012]
[4707 4167 5445  585 5431 6216 6666   63 6146 3260]
[2820 4422 3306 1316 1369  780 5152  193 6358 1520]
[5892 1763 7351 6310  879 7657 6576 2451 6653 4024]
[7951 1900  711 5330 1327 4212 7749 1048 5293 7168]
Found A_inv_6 :
[4191 3630 3423  920 7425 4662 4998 7104 4872 1635]
[4229 2483 2995 7559 6980 4108 5857 3097  560 7811]
[1191 3741 3220 3333 3164 6375   34 6390 6402 7142]
[1370 4813 6550 3427 4449 2385 4243 1026 2160  113]
[3329 3329 4627 5810  890 4666 6330 4730 2188 6641]
[3733  956 2835 1274 3368 2010  990  492 4463 6639]
[5119  976  857  230 7072 1304 3112 2837 6391 6082]
[4450 7643 7233 3279 2877 2983 4878 4719 3385 3059]
[5942 4022 4707 3694 5712 2354 7033  112 2372 5311]
[4786 2209  799  245 7897 3492  746 7789 1627 1445]
Found B_inv_6 :
[5757 3051 6648 3866 5311 7231  162 4565 5049  234]
[2418 1081 7121 1374 1440 2325  457 7360 2044 5127]
[7442 2983 4898 6187 2125 7378 7496 3857 6711 5683]
[6305 3225 4720 6711 7233 4726 2753 5900 3839 5319]
[3953 6525 6533 7049 1221 4209 1517 7661 1962 1361]
[2842 4427 7286 3146 3044 1257 6718 1800 1391 6012]
[4707 4167 5445  585 5431 6216 6666   63 6146 3260]
[2820 4422 3306 1316 1369  780 5152  193 6358 1520]
[5892 1763 7351 6310  879 7657 6576 2451 6653 4024]
[7951 1900  711 5330 1327 4212 7749 1048 5293 7168]
Found A_inv_11 :
[3914 5224 4005 2176 6714   27 5014 6741 5708 5720]
[3700 7926 6736 8179 2443 2022 1779 1416 4537 4348]
[7577 1781 2803 8049  117 4856 2672 7562 5739 4736]
[8004 7607 6912 2854 5549 1679 1872 1571 5885 8016]
[5106  962 6288  532 3888 5551 4098 6339 1259 2137]
[5970  545 6433  343 6272 8045 7177 2354 6085 1422]
[4381 1360 3629 4714 4548 4732 8093 1631  993  430]
[3075  884 1877 2352 5522 7983 7346 7928 7948 5169]
[6565 2325 4039 2866 3099 7647 3252 7601 5378 6784]
[ 459 3679 3675 3421 4866 7057 4043 2471 5076 3945]
Found B_inv_11 :
[ 581 7328 7850 4038 4571 3229  838 3152  228 6452]
[2256 1680 6415 6390 3748 1546 6941 1674 6765 1284]
[4652 8176 8048 1341 3495 2704  656 6843 2259 6767]
[5030 7617  639 2161 5792 7335 5628  221 1865 4658]
[5895 5113 6900 3372  489 5272 7397 1757 6921 4833]
[4055 4433  572 2558 6140 6328 3064 5128 8076  641]
[2569 2584 7500 1387 3109 4517 4593 7634 7461 4418]
[3684 4443 3223 3764 1053  278   51 5946 4412   67]
[4604 5163 6985 5129 1891 2622 7804   10 7457  511]
[3204 4470 4220 5445 5610 5290 1773 1777 6041 6680]
Found A_inv_12 :
[4826 4775 1769 3596 6561 4376 2382 6225 5900 1140]
[4684 6089 5998 1258 7417 1674 6644 4247 6328 5512]
[7037 5714 2240 2066 4261   18 1740 2482 2451 3030]
[7982 1579 2410 7995 2048 2675 1050 3966 4565 2342]
[3370 3729 7932 4009 5345 6000  411 1305 3989 2037]
[7042 7047 2359 6678  209 7535 4177 4228 3669 6802]
[1275  716 6145  752 4849 6896  254 4135 5319 4025]
[1970  502  218 4063 1352 7140 2329 6432 6899 6326]
[6878 7551 5356  863 7913 5685 7815 2094 7261 3650]
[3035 3951 5642 8139 6373 6630 4897 5736 2631 1774]
Found B_inv_12 :
[6824 4738 7270 5431 2115 2279 3494 6035 4127 4868]
[1206 5481 3866 7881 3117 3303 4801 6391 5932 5191]
[3609 1616 2261  430 1161 2497 4358 2619 7836 2088]
[6577 7343 5525 3499  902 7623 6767 5919 4178 2307]
[6383 4472  152 1009 5965 7572 5990 3078 6877 2382]
[4228  932 5683 3859  240 2883 6448 2920 7365 2266]
[7006 1581 1679 4940 5892 8065 5734  792 5721 1838]
[3589  761 5183  299 5644 1416 1890 3018 7071 2110]
[1074 1525 1207 2081 4621 3648 5774 5987 4605 3277]
[1367 4196 7495 2256 3728 6428 2838 7685 7279 7617]
Found A_inv_13 :
[ 172 7274 7764 1483 1927 3954 4703 1969 5755 6538]
[7921 3575 3688 7343 4482 6443 7970 6399 5208 7817]
[6716 1597 4163 5822 4407 5747 4219  624 2852 4587]
[6709  534 2292 7610  718 6847 6123  869 6904 3805]
[7850 7480 6765 2104 7972 6186 3999 3150 6064 5422]
[5346 7381 6797  209 7676 5056 5295 4593 7672 4476]
[1032  300 5677 6577 4211 2045 7158 1396 6078 3836]
[5390  397 7804 5461 4739 3189 6387 2226 6405 6243]
[7583  466  559 1880  733 2201 5460 2633  660 1465]
[3876 2648 3039 7912 3116 1854 5677  534 3419 1557]
Found B_inv_13 :
[2520 2672 7004 4198 5670 6712 2580 5445 6236 4017]
[1660 4576  734 2865 3074 7285 3431 5161  262 6360]
[1702 5735 1243  235 6889 1326 5264 8108  547 7958]
[2345 2316  402 1938 3921 6232 3369 6413  636 4980]
[3262 4370 2350 1906 3899 6980 3049  537 7269  407]
[1459 6154 6998 6567 7582 6230 4645 2665 5567    4]
[ 286 4185 4867 6136  777 5784 4747  440 6098 1511]
[1239 4528 4259 6865 5127 1305 1537 2333 3187 6047]
[1060 1139 6022  600 1298 3688 5808 5046 3714 4333]
[1743 4006 5961 7249 1731  256 6323  562 1619 2623]
Found A_inv_14 :
[6321 2929 4418 1108 1909 2467 6119 5071 3080  257]
[ 728 3690 3784 2753 2935 7495 4207 1715 4092  393]
[5673  581   61 7087 7634  830 7939 6272 1254 1298]
[1521 2167 5640 2355 1076  151 1061   46 2520 5090]
[ 254 7351 1909 4717 5766  745 5449 1087 5833 6959]
[3939  762 5800 6525 2855 4859 3404 5938 4582 7261]
[7507 8136 4318 7287 8092 5080 5527 4300 3118 3806]
[7731 1200 2662 1268 5413 7399 8009 4964  611 7972]
[7872 1933 4723 1948 2175 6173 3185 5133 3761 7338]
[6958  985 4322 3593  320 7150 1292  281 5137 4608]
Found B_inv_14 :
[7857 2941 5421 6809 4057 3576 2736 2094 2829 2084]
[2639 2215 5574 6981 3839 6097  492 5905 5537 7439]
[ 895 6896 7088 7444 1260 5217  740 6423 4947 2597]
[4981 2268 3231  717 2479 2826  864 4374 6329 6451]
[2407 5555 7694  541 3843 6165 5580 3481 2125 4706]
[2077 5504 3984 5866 4053 1271 5617 8051 3634 1532]
[1293 4548 4900 2607 3709  357  272 7405 5303 5819]
[5976  166 2545 4269 5115 2394  885 5460 4671 6011]
[1847 5225 1199 5447 8121  186 7529  570 6929 1724]
[ 992 7456 3150 7274 1695 8016 1230 4869 1864  456]
indices = [ 1 6 11 12 13 14 ]
                              00                                                              
              00                              00                              
      00              00              00              00              
  00      c7      bc      00      86      00      00      00      
9d  00  d1  f3  da  a1  00  49  62  73  7c  00  00  00  00  2c  
!!! FAILED !!!

Time (min of 1 runs):
keygen: 0.000313   (1221459 cycles)
sign:   0.001157   (4510644 cycles)
verify: 0.001119   (4362200 cycles)
